,January,February,March,April,May,June,July,August,September,October,November,December
PEP,0.0012515474,0.00037357557,0.0002988358,0.00021988423,0.00019920386,0.00015011763,0.00014762525,0.00044454008,0.00034724706,0.000279096,0.00023317731,0.00020240221
CTB,0.0007374393,0.00034842567,0.00028338263,0.00032827628,0.00028443278,0.00034183465,0.0010895289,0.57057196,0.47353023,0.4905667,0.49070403,0.49080026
SKYW,0.0014028788,0.0003499098,0.00024358887,0.00016360305,0.00013682139,9.89435e-05,8.995074e-05,0.00030053582,0.0002481542,0.00017861444,0.00013902145,0.000114714596
EQT,0.0026759515,0.0010067801,0.00060421095,0.00046259534,0.00035223106,0.00026919678,0.00028694025,0.00063196046,0.0012047524,0.001315339,0.0016880657,0.0025587464
COHR,0.0010006331,0.00032383608,0.00025377035,0.00018135285,0.00015939272,0.00011688441,0.000112532085,0.00028887106,0.0002877249,0.00022748834,0.00018952518,0.00016367827
SNFCA,0.006922721,0.001488657,0.0012690431,0.00080538646,0.00077413575,0.0005281939,0.0004350601,0.0007788666,0.00054102804,0.00030941967,0.00022723379,0.00017779056
NSEC,0.31406203,0.69565815,0.56850326,0.687348,0.56249475,0.6867278,0.687489,0.3219027,0.3685616,0.3542587,0.3541675,0.35347494
OTTR,0.0038711978,0.0012948151,0.0010508583,0.0009118321,0.0007998368,0.0006912731,0.00088748825,0.002120667,0.0015434857,0.001068603,0.0007918466,0.00062855834
WY,0.0011843102,0.00041123267,0.0002930055,0.0002118845,0.00017668995,0.00013183142,0.0001293053,0.00020450179,0.00020694727,0.00016446027,0.00013410425,0.0001134612
GOLD,0.6668913,0.29874465,0.42720005,0.3093671,0.43462247,0.3109439,0.30933258,0.102755465,0.15352888,0.15163153,0.15172552,0.15176544
