,January,February,March,April,May,June,July,August,September,October,November,December
PEP,0.0040503694,0.2043768,0.18601452,0.051686484,0.015947906,0.19247866,0.053834125,0.022108214,0.120302774,0.18699391,0.19487746,0.1953489
CTB,0.23743711,0.08099427,0.023231005,0.27106193,0.2326516,0.11635842,0.22514124,0.2341237,0.13912632,0.033901613,0.022365926,0.020866789
SKYW,0.0047575757,0.08078185,0.07476579,0.009242455,0.0067823227,0.06653099,0.016893582,0.012546364,0.041189414,0.08096198,0.07950169,0.07982626
EQT,0.007847814,0.022841036,0.043656707,0.010586564,0.005247612,0.0061979177,0.0039569912,0.0024686833,0.004892481,0.004288403,0.0049582147,0.0105640795
COHR,0.20628096,0.035649072,0.014899015,0.12821394,0.21464407,0.0478231,0.17914692,0.20784137,0.07306268,0.026602658,0.013160843,0.009819745
SNFCA,0.0021034554,0.0021387413,0.0015590839,0.0025144264,0.0018340313,0.0020556613,0.0013893062,0.0010008938,0.0014611195,0.001144096,0.001220132,0.0012388288
NSEC,0.52337503,0.34726557,0.35005704,0.42447138,0.47352806,0.36624083,0.40533483,0.4608219,0.4017062,0.36188734,0.37738442,0.37374943
OTTR,0.009275036,0.10849036,0.17218731,0.08972182,0.04082598,0.15975389,0.08077788,0.038379442,0.085872956,0.15785152,0.16287576,0.16701047
WY,0.0023153084,0.0013869456,0.000442611,0.0002483784,0.00017314823,0.00043455002,0.00028714514,0.00019206926,0.00026735204,0.00011725383,7.835845e-05,5.2700376e-05
GOLD,0.002557289,0.11607539,0.1331869,0.012252609,0.008365244,0.042125948,0.033237904,0.020517344,0.13211864,0.14625114,0.14357726,0.14152272
