,January,February,March,April,May,June,July,August,September,October,November,December
PEP,0.002271208,0.0020169818,0.0031570909,0.0017784539,0.00095230876,0.00051712553,0.0004529221,0.00039863496,0.0004129683,0.00025695786,0.00061748864,0.0003364784
CTB,0.001696202,0.0012114362,0.0017922465,0.0033631644,0.012442163,0.006309023,0.0037208758,0.0061978684,0.03424422,0.01092124,0.07700421,0.07365873
SKYW,0.17330204,0.35506222,0.3917584,0.2424245,0.19981895,0.40452686,0.40343416,0.26008797,0.18604463,0.43945637,0.21630074,0.19327798
EQT,0.0007770471,0.0009073571,0.0005783991,0.0005123103,0.0005085448,0.00024123612,0.00021782149,0.00019533923,0.000323625,0.00011574787,0.00024803643,0.00013199485
COHR,0.09273766,0.57263094,0.37543094,0.3542097,0.31996745,0.40652582,0.3628622,0.37535873,0.30669677,0.407235,0.31866208,0.30880985
SNFCA,0.005224939,0.010059464,0.011585092,0.039553516,0.29663405,0.046269063,0.023984114,0.04640991,0.34214064,0.051182624,0.1693432,0.30407098
NSEC,0.2009754,0.0060583195,0.008607204,0.00440882,0.004643179,0.0029234053,0.0031229726,0.0024223784,0.0029964994,0.0013689599,0.0017990334,0.0018781769
OTTR,0.51256293,0.02789434,0.1412536,0.043886594,0.0129552055,0.0066803684,0.007922198,0.008159371,0.012832593,0.0071674758,0.013521811,0.006893847
WY,0.0058316207,0.01887652,0.0605112,0.307027,0.15038931,0.12535019,0.19383135,0.30033976,0.11361096,0.08201616,0.2019923,0.11053825
GOLD,0.0046209632,0.0052824616,0.005325737,0.0028359727,0.0016887708,0.0006568525,0.00045148106,0.00043001425,0.0006970621,0.00027941176,0.0005111533,0.00040368934
