,January,February,March,April,May,June,July,August,September,October,November,December
PEP,0.015250754,0.0023603165,0.0011766882,0.0008587542,0.001901331,0.0020943284,0.0014543793,0.001374784,0.0007262621,0.00036767838,0.00025134036,0.00015244196
CTB,0.009427043,0.0017863077,0.00096405647,0.0007278518,0.0008772381,0.0008082522,0.00081423245,0.00083601684,0.00037900306,0.0001622581,0.00011905943,0.0001034808
SKYW,0.022450417,0.0066400557,0.0028649822,0.0018441761,0.0056381496,0.0047404035,0.0036654493,0.0026416855,0.0011767797,0.00063443574,0.00040201686,0.00025104985
EQT,0.6225959,0.034072816,0.014003302,0.009163303,0.019785361,0.014558527,0.009440122,0.010176505,0.0056753317,0.0025456974,0.0016996649,0.00080351374
COHR,0.0032574483,0.00051114016,0.00026705678,0.00019512675,0.00037953813,0.00038413383,0.0006136479,0.0004811991,0.00025267183,0.00013332059,9.622041e-05,6.179092e-05
SNFCA,0.0012258353,0.00021898426,0.00017792244,0.0001871597,0.0003313086,0.0006246898,0.0037814553,0.0235422,0.023333957,0.023121465,0.023463754,0.02349359
NSEC,0.28385186,0.94617546,0.9738539,0.9798779,0.95170146,0.9264886,0.42597705,0.30140626,0.27537104,0.27874616,0.27850667,0.2793585
OTTR,0.027415134,0.004606893,0.003895077,0.00431685,0.011441958,0.03691001,0.5086081,0.21424066,0.2360076,0.23491015,0.23698892,0.23609819
WY,0.012960757,0.003172927,0.0023865222,0.0023398523,0.007168588,0.011683515,0.032912854,0.15085012,0.14732295,0.14787002,0.14783931,0.14795339
GOLD,0.0015648423,0.00045520268,0.00041061072,0.00048905896,0.0007751824,0.0017076806,0.012732686,0.29445058,0.3097544,0.31150883,0.3106331,0.31172407
