,January,February,March,April,May,June,July,August,September,October,November,December
PEP,0.0051094512,0.0008822588,0.000805099,0.0013971167,0.0009092192,0.00047240197,0.00075189275,0.0008204165,0.00050187204,0.0004251129,0.00028932845,0.00030670606
CTB,0.06540468,0.7454933,0.93496233,0.8539618,0.8651041,0.9181078,0.84366554,0.85259515,0.91335094,0.17258061,0.16957086,0.06732877
SKYW,0.010471578,0.0017501308,0.00044363167,0.0005149243,0.0004317718,0.00019632732,0.00021393392,0.0001624066,0.00012139312,0.0004984038,0.0010354879,0.00062102976
EQT,0.26256043,0.014575352,0.0036318863,0.0024947568,0.0034498076,0.0020519667,0.0016513009,0.00090295915,0.0011021344,0.0031146004,0.010706234,0.26729807
COHR,0.0037187843,0.00058446865,0.00018938359,0.00018024967,0.00015339768,6.7666675e-05,7.168192e-05,4.628676e-05,3.7695885e-05,0.00015587258,0.00022799478,0.00014818831
SNFCA,0.042499606,0.039880894,0.023790956,0.10959848,0.046128225,0.033208657,0.11088481,0.12274797,0.04025861,0.10233441,0.07676775,0.050105724
NSEC,0.21285498,0.020961521,0.0035831248,0.003729651,0.0066688703,0.0029496572,0.002532217,0.0015737392,0.0017603989,0.011521737,0.20028964,0.21185917
OTTR,0.08650219,0.009174732,0.004211891,0.0022903504,0.0027631314,0.0012171858,0.0010807891,0.00066772255,0.0005981279,0.0015414312,0.0054070116,0.084300846
WY,0.3093368,0.16651425,0.028319506,0.025774904,0.07434519,0.041682363,0.039104544,0.02045319,0.042247176,0.7077902,0.535667,0.31800318
GOLD,0.0015414733,0.0001831586,6.222919e-05,5.7682726e-05,4.630749e-05,4.5994624e-05,4.329122e-05,3.021016e-05,2.1598446e-05,3.7539434e-05,3.8670463e-05,2.8321598e-05
