,January,February,March,April,May,June,July,August,September,October,November,December
PEP,0.45871845,0.12652759,0.14577952,0.15071003,0.1508017,0.15050918,0.14281096,0.08017093,0.07320799,0.073963284,0.5660018,0.15783043
CTB,0.0025400745,0.0021860362,0.0024805833,0.002854743,0.005216195,0.009893311,0.037085377,0.2025767,0.21838273,0.21692187,0.0052777114,0.0059805694
SKYW,0.13173889,0.12253441,0.117509596,0.11824706,0.121484205,0.11790736,0.10856191,0.048933774,0.03960813,0.040519517,0.27422318,0.16501485
EQT,0.003384094,0.0031646458,0.0015854036,0.0009960497,0.0005897449,0.00043804277,0.00036296883,0.00027372228,0.00022863182,0.00020214361,0.0001337994,0.00016783466
COHR,0.050320137,0.18147251,0.16171783,0.15938938,0.15708612,0.15686342,0.15164404,0.1364185,0.1362133,0.13608365,0.08578898,0.2396186
SNFCA,0.0027194293,0.0013839515,0.0009998524,0.0007395691,0.00038955675,0.0003165417,0.00026991076,0.00019572835,0.00015793681,0.00013646737,8.46833e-05,0.00010595855
NSEC,0.036012683,0.044279687,0.026098236,0.02057532,0.016848397,0.018277805,0.022078175,0.064837165,0.07281277,0.07152571,0.02536875,0.15326029
OTTR,0.08608877,0.04424942,0.019375969,0.011352725,0.0061737993,0.004573565,0.0038050837,0.0021455204,0.0013764693,0.0010939349,0.001238569,0.0018240281
WY,0.14056545,0.1788772,0.20004493,0.20210189,0.20349719,0.20490094,0.20770454,0.2201401,0.22582181,0.22591686,0.025701009,0.2247085
GOLD,0.0879121,0.2953245,0.32440805,0.3330333,0.33791307,0.3363198,0.32567704,0.24430794,0.2321903,0.23363654,0.016181506,0.051488988
