,January,February,March,April,May,June,July,August,September,October,November,December
PEP,0.5653857,0.974969,0.98133415,0.93106884,0.5969331,0.2864288,0.7171738,0.57677996,0.3517586,0.27274904,0.13543081,0.14619128
CTB,0.009002794,0.0012214247,0.0017150226,0.007148845,0.0044004596,0.002859594,0.0046850643,0.0019026715,0.003946832,0.01304167,0.38596335,0.3621476
SKYW,0.01988032,0.00051366305,0.0003183239,0.00034916095,0.002189263,0.00081660517,0.004329888,0.01703295,0.0058582514,0.0018616414,0.00086900615,0.00059259636
EQT,0.007768184,0.0010624331,0.0007556779,0.00089542184,0.00096006854,0.0006091982,0.0008342922,0.0005902507,0.0005538706,0.00042557332,0.00024610994,0.00020451585
COHR,0.15362681,0.0050077285,0.0031317961,0.002375488,0.019792585,0.004243647,0.027401512,0.05113248,0.022051975,0.00517483,0.002617197,0.001718426
SNFCA,0.058871165,0.001484307,0.000979786,0.00089106115,0.025139643,0.013643395,0.044051345,0.039922576,0.024228299,0.008915535,0.004265399,0.003336007
NSEC,0.006992873,0.00024103481,0.00015784573,0.00021103247,0.0010439535,0.0004182109,0.0014711008,0.0009778425,0.000934256,0.00041465613,0.00023554852,0.00016180078
OTTR,0.014264432,0.0019721058,0.003551424,0.051347353,0.121621765,0.673507,0.12942584,0.15109763,0.52080697,0.679474,0.46392566,0.48089635
WY,0.019221531,0.00058493786,0.00035336905,0.0003173638,0.001888867,0.00045897654,0.0012031879,0.000943445,0.0006725831,0.0002504625,0.00013054255,8.085696e-05
GOLD,0.14498614,0.012943423,0.007702708,0.005395529,0.22603023,0.017014597,0.069423914,0.15962024,0.06918842,0.017692551,0.00631639,0.0046704714
