,January,February,March,April,May,June,July,August,September,October,November,December
PEP,0.05669075,0.017388059,0.012136774,0.39495367,0.6386909,0.09724511,0.90314454,0.69921285,0.2034031,0.08496462,0.055746794,0.9341028
CTB,0.15339205,0.057401925,0.014243728,0.040951535,0.0056236805,0.0014782341,0.0017299822,0.0024356202,0.0010283102,0.0006158631,0.0003929068,0.0002335396
SKYW,0.0030194975,0.00088556437,0.00039246905,0.00088500266,0.0005850578,0.0001825493,0.00020613825,0.00033363208,0.00018113057,0.00010779586,7.32799e-05,0.0002196022
EQT,0.28036612,0.007761034,0.0034234587,0.016887255,0.006085669,0.0017686444,0.0016294247,0.0022550598,0.0015810457,0.0006520114,0.00041823435,0.0006136781
COHR,0.09476565,0.0124552455,0.0038846491,0.024810197,0.010328449,0.002289678,0.0026011576,0.005021005,0.0026319004,0.0012416911,0.0008015322,0.0012458415
SNFCA,0.030631162,0.011554769,0.0039031461,0.049026575,0.016876174,0.0029481777,0.005806348,0.0108849015,0.0041742595,0.0019973603,0.0012551765,0.0024804096
NSEC,0.18695728,0.016110329,0.005443884,0.016268592,0.0045624655,0.0014719529,0.001218869,0.0020223355,0.0009307718,0.00041260474,0.00026517795,0.00029152195
OTTR,0.14703044,0.8455964,0.90408534,0.39692813,0.046993703,0.007775322,0.009784822,0.01589247,0.010304395,0.004343366,0.0027563772,0.0014476216
WY,0.032139182,0.008714842,0.00467803,0.007783591,0.0017497041,0.0003890743,0.0006269098,0.0010670923,0.000506813,0.00022103956,0.00014619414,0.00014694124
GOLD,0.015007818,0.02213186,0.047808483,0.051505495,0.26850408,0.88445127,0.0732518,0.2608751,0.7752583,0.90544367,0.9381443,0.059218116
