,January,February,March,April,May,June,July,August,September,October,November,December
PEP,0.0023894925,0.0020965664,0.005250352,0.12577946,0.004960976,0.0050775604,0.006504811,0.019555494,0.50333,0.4891708,0.004964372,0.0036480217
CTB,0.0031018218,0.0012942137,0.0006886638,0.0005155931,0.00018265613,0.00014527359,0.00011822355,7.930789e-05,0.00014029659,7.017553e-05,6.908523e-05,8.062136e-05
SKYW,0.11471957,0.13563208,0.122926444,0.09942272,0.012504822,0.04262467,0.11912592,0.12279589,0.020625485,0.013004638,0.009399884,0.021338305
EQT,0.0061129564,0.0026376299,0.0011245222,0.0006563929,0.00029747185,0.00029023408,0.00023810338,0.00016095719,0.00013261483,7.308711e-05,7.679209e-05,0.00012300325
COHR,0.7318289,0.2618834,0.22268417,0.2070653,0.4367165,0.26449046,0.2209676,0.2320164,0.28277105,0.26872846,0.43416426,0.27125677
SNFCA,0.006243445,0.002019115,0.0007680293,0.0005366898,0.00024083641,0.0002531241,0.00019309268,0.00013795288,0.00014598251,6.9613685e-05,7.770388e-05,0.000101507656
NSEC,0.0031465918,0.0010916247,0.00044783627,0.00030896725,0.0001283534,0.00012610266,0.00011001764,9.797495e-05,7.815207e-05,3.642381e-05,2.539924e-05,3.767963e-05
OTTR,0.12276767,0.5854674,0.6312563,0.5235672,0.5425379,0.6848666,0.65061265,0.6224396,0.1899658,0.22740318,0.5505624,0.7026585
WY,0.00404338,0.0021440815,0.0014142597,0.0012226751,0.00046686176,0.0004976389,0.00042061205,0.00038342143,0.00048155626,0.00023187396,0.00012828442,0.00014635708
GOLD,0.005646077,0.0057338253,0.013439478,0.040924896,0.0019636673,0.0016282473,0.0017090423,0.002332968,0.0023291092,0.0012117194,0.0005318043,0.00060938636
