,January,February,March,April,May,June,July,August,September,October,November,December
PEP,0.0050781253,0.001454867,0.00020489085,0.00021349023,0.00026334942,0.00023288527,0.00033095875,0.00052561366,0.0009992273,0.0037936452,0.20205942,0.18104343
CTB,0.30311382,0.37350166,0.0022457738,0.0009567211,0.00068011036,0.0005023155,0.00044805414,0.00039518985,0.00024214337,0.00021157194,0.00026524556,0.00016142373
SKYW,0.12908784,0.11970633,0.0015836008,0.00056786736,0.0003902982,0.0002100629,0.00018706323,0.00014294584,8.8167966e-05,7.99388e-05,0.00011047867,7.7364326e-05
EQT,0.0019314679,0.0007136389,8.604884e-05,6.2427534e-05,5.1689392e-05,3.0289168e-05,3.1246826e-05,3.3664623e-05,2.5586354e-05,2.395791e-05,3.895826e-05,2.5424366e-05
COHR,0.1923053,0.16844706,0.0032926712,0.0014682368,0.0010824844,0.0006140688,0.00060156273,0.00051118474,0.00033058997,0.00030614345,0.000540591,0.00027180946
SNFCA,0.0041494127,0.0015257166,5.7186076e-05,2.4047813e-05,1.7205062e-05,1.2516441e-05,1.18089665e-05,9.1173815e-06,5.943026e-06,5.3848808e-06,1.0699115e-05,7.1642376e-06
NSEC,0.013700735,0.0032439183,0.0004960118,0.0002548247,0.00016445994,0.000103185135,8.401652e-05,6.538248e-05,4.0911447e-05,3.7764377e-05,6.787906e-05,4.569822e-05
OTTR,0.18456896,0.2830205,0.98770535,0.99205714,0.99156463,0.9907087,0.980873,0.9532277,0.9547224,0.95093864,0.75882167,0.8086107
WY,0.15737163,0.046310313,0.004165694,0.0043222336,0.0057348674,0.007550187,0.017399535,0.045057323,0.043523703,0.04458323,0.038053162,0.009737256
GOLD,0.008692704,0.002075991,0.00016275703,7.301442e-05,5.0916955e-05,3.5796667e-05,3.2865464e-05,3.1901152e-05,2.1202408e-05,1.9837309e-05,3.192064e-05,1.9780397e-05
