,January,February,March,April,May,June,July,August,September,October,November,December
PEP,0.001080144,0.0006307865,0.0005414771,0.0017759347,0.00077583786,0.0005777618,0.00041661473,0.00021160688,0.0010524085,0.00067177083,0.0006819154,0.00029429392
CTB,0.002126233,0.0011415316,0.0017228501,0.015312004,0.012291833,0.024225704,0.004270372,0.0030577702,0.008431499,0.0045472477,0.011689194,0.0027056674
SKYW,0.00054337294,0.00024598013,0.0006410814,0.038457714,0.6685217,0.23264669,0.45519242,0.2489023,0.1848268,0.24416041,0.24226362,0.36053202
EQT,0.0007883781,0.0003403599,0.0005795005,0.014111313,0.26324883,0.72569335,0.51026773,0.7329221,0.3528508,0.74362266,0.73988366,0.62833226
COHR,0.98564804,0.9936924,0.99144506,0.9069394,0.0042982344,0.0016483193,0.015570198,0.008344962,0.4325801,0.0032862856,0.002170699,0.005709717
SNFCA,0.0020116693,0.0009533539,0.00064246706,0.0010425142,0.00022213697,9.5625306e-05,0.0007565092,0.0003890317,0.0033754013,0.00027156546,0.0002279628,0.00017603402
NSEC,0.00042277673,0.0002514165,0.00016474651,0.0003925372,6.58026e-05,1.8500581e-05,6.254685e-05,1.9532894e-05,0.00032834677,3.1370007e-05,1.7165468e-05,1.4787905e-05
OTTR,0.0011486751,0.0006314606,0.00092085963,0.010360022,0.045239445,0.014101768,0.012402226,0.0056828274,0.014771708,0.0028366186,0.0027346236,0.0017788329
WY,0.005120594,0.0014086177,0.0028256692,0.010374259,0.0050616222,0.00088645023,0.0007775609,0.00035316162,0.0011919232,0.00045899782,0.00025226347,0.00041587473
GOLD,0.0011101268,0.0007040993,0.00051640195,0.0012342999,0.00027450034,0.00010576996,0.00028379596,0.000116776646,0.0005909892,0.0001130214,7.893766e-05,4.0618655e-05
