,January,February,March,April,May,June,July,August,September,October,November,December
PEP,0.007083833,0.0039856094,0.0050839907,0.010642437,0.17116117,0.031488456,0.012199808,0.015336423,0.021025447,0.13195117,0.016305223,0.034746893
CTB,0.4530697,0.22144853,0.05802167,0.056055024,0.04151278,0.119618826,0.6967867,0.13063608,0.06696027,0.05208168,0.042671893,0.06620529
SKYW,0.002861527,0.000909147,0.00084512826,0.0006220678,0.001160359,0.0007461044,0.0011362305,0.0010460682,0.000975314,0.004092106,0.0004906402,0.00090862456
EQT,0.0036646936,0.0018947168,0.001332381,0.0007622188,0.0015918309,0.0009678254,0.0012880103,0.0010409633,0.0010778285,0.0019264952,0.00032425224,0.00045189678
COHR,0.26498166,0.03025672,0.015584913,0.008736091,0.006533472,0.008198559,0.017869178,0.015122442,0.011075839,0.006874863,0.004789092,0.0064708325
SNFCA,0.045984603,0.3192271,0.7515175,0.6630228,0.4155342,0.6306322,0.11085179,0.6262242,0.6389057,0.37123546,0.8495506,0.6458127
NSEC,0.002268708,0.0010581551,0.00122627,0.0013519189,0.005391965,0.0033187515,0.0013975246,0.002046625,0.0040332493,0.091654286,0.006806792,0.015403332
OTTR,0.00897624,0.0030530544,0.002570442,0.0065597515,0.037821803,0.022952782,0.007070909,0.0048275,0.009219125,0.111356236,0.015018773,0.10080324
WY,0.2007268,0.41406527,0.1594962,0.24100018,0.17581205,0.15649278,0.14360775,0.19049352,0.21852845,0.1267587,0.050994888,0.10230332
GOLD,0.010382218,0.004101702,0.0043215486,0.011247495,0.14348036,0.025583614,0.007792069,0.01322617,0.028198887,0.102069,0.013047796,0.026893884
