,January,February,March,April,May,June,July,August,September,October,November,December
PEP,0.07693953,0.010146582,0.0073518096,0.0072664213,0.0025776553,0.0020473541,0.00061701355,0.00035764123,0.00021144294,0.0001751293,0.00012674683,0.0001760616
CTB,0.0043389844,0.0024946798,0.0047608027,0.03291206,0.6327138,0.23261511,0.2103626,0.21291107,0.2114478,0.2049371,0.20498359,0.017685153
SKYW,0.22199713,0.028320016,0.006956904,0.008825284,0.0039279144,0.0030992806,0.0024792254,0.0023851173,0.0026582242,0.005161486,0.0032501835,0.0018112912
EQT,0.004892298,0.0021184755,0.0031554163,0.007834974,0.019508963,0.5737335,0.6251682,0.62755215,0.6325185,0.62096524,0.603058,0.0111124255
COHR,0.006713413,0.0022148374,0.0009807817,0.0008541006,0.00027572332,0.00015758927,7.086502e-05,4.4686843e-05,2.5639762e-05,2.3730532e-05,1.8096896e-05,2.4249266e-05
SNFCA,0.09595662,0.0024553428,0.0013026536,0.0015119038,0.00084066606,0.0005014076,0.0005226817,0.0007710014,0.002420508,0.02903029,0.07556696,0.91588336
NSEC,0.32242844,0.010366344,0.0030573222,0.003819598,0.0017681826,0.0011976733,0.0006305225,0.0004156374,0.00023539827,0.00020010163,0.00015412993,8.965083e-05
OTTR,0.008157924,0.0017907091,0.0013765562,0.0016226982,0.0005968906,0.00025525407,0.00013292313,8.690557e-05,5.5554814e-05,4.1495347e-05,2.770295e-05,3.3523782e-05
WY,0.16789617,0.91339356,0.94732076,0.8744585,0.13124752,0.039693207,0.012316835,0.0068903663,0.0024850757,0.0014128735,0.001126847,0.0008517129
GOLD,0.09067953,0.026699457,0.023736924,0.060894374,0.20654272,0.14669958,0.14769913,0.14858551,0.14794192,0.13805252,0.11168784,0.052332584
