,January,February,March,April,May,June,July,August,September,October,November,December
PEP,0.0059108464,0.0004894993,0.00027639247,0.000229394,0.00022751954,0.0002396355,8.1902e-05,7.4035175e-05,7.6058845e-05,4.972432e-05,3.700893e-05,3.2348766e-05
CTB,0.0048231655,0.0007967841,0.00045316256,0.00037010526,0.00036051625,0.00037502334,0.00012615931,0.00011322429,0.000115715935,7.487083e-05,5.2748786e-05,4.4636356e-05
SKYW,0.0034211588,0.00050803175,0.0002821461,0.00025465738,0.00027272626,0.00033890878,0.000116604766,0.00010519971,0.00010840928,6.813252e-05,4.0326777e-05,2.9562932e-05
EQT,0.04429601,0.0026983563,0.0023677088,0.0031639368,0.0050848844,0.00996351,0.0021676284,0.002091881,0.002661186,0.0012928591,0.0006635804,0.00047939338
COHR,0.0066690343,0.00069036294,0.0003534815,0.000289284,0.0002757043,0.00030892564,0.00017713792,0.00014953876,0.00013645556,9.9154364e-05,7.5336386e-05,6.341722e-05
SNFCA,0.47489983,0.9881423,0.99173415,0.99133193,0.98818445,0.9785337,0.99347657,0.99375474,0.9927516,0.9956001,0.9966744,0.9939114
NSEC,0.005862463,0.003046521,0.0018468528,0.0013112796,0.0011764085,0.0012128233,0.0008756449,0.00077282765,0.00066275016,0.00073906005,0.0012255937,0.0045545907
OTTR,0.0023710323,0.0005132463,0.00033396352,0.00028206073,0.0002678479,0.0002641325,0.00010042588,8.867461e-05,8.991989e-05,5.6990786e-05,3.8900787e-05,3.22549e-05
WY,0.0028523745,0.0006424,0.00033422813,0.0002701229,0.0002501727,0.0002587144,0.00013059264,0.000111668196,0.00010515006,7.271507e-05,5.2039613e-05,4.3022264e-05
GOLD,0.4488941,0.0024724922,0.0020179714,0.0024971887,0.003899856,0.008504611,0.0027472444,0.0027380819,0.0032927766,0.0019463273,0.0011400532,0.00080931396
