,January,February,March,April,May,June,July,August,September,October,November,December
PEP,0.019853467,0.039960586,0.67466676,0.6491596,0.18750528,0.823873,0.8519054,0.732173,0.6421034,0.6437594,0.64425397,0.6443159
CTB,0.011839797,0.00607371,0.007077996,0.0021216024,0.0018406891,0.0012777753,0.0008238328,0.00076606363,0.0005643796,0.0004472662,0.0003655803,0.00030768698
SKYW,0.23895149,0.12121565,0.032858703,0.005347457,0.0079636155,0.005996802,0.0026287646,0.0018637036,0.001306853,0.0010162524,0.0008190676,0.0006799843
EQT,0.06261414,0.010414619,0.0024551707,0.00092972076,0.001115451,0.00062201294,0.00037375285,0.00040558926,0.00028191693,0.00021518301,0.00017149116,0.00014071273
COHR,0.31954408,0.036755383,0.009414267,0.0032757865,0.004090442,0.0027249432,0.0016564752,0.0018190376,0.001243632,0.000944361,0.0007505364,0.0006195001
SNFCA,0.09968664,0.011124182,0.0025351786,0.0013422137,0.0026732173,0.001715564,0.0012284196,0.0007855808,0.0006977225,0.0006359485,0.0005785769,0.0005281067
NSEC,0.22795905,0.75239265,0.13138488,0.08725562,0.76254874,0.12916777,0.09382732,0.1101797,0.10316967,0.105425216,0.10544569,0.105653636
OTTR,0.0024599761,0.001146207,0.0006293892,0.00022939216,0.00022587086,0.0001438829,9.1971604e-05,5.8965714e-05,4.788382e-05,4.0452207e-05,3.4535307e-05,2.9827077e-05
WY,0.013630863,0.017810784,0.13566923,0.2486619,0.030893844,0.033581957,0.046694532,0.15110318,0.249858,0.24689166,0.24703923,0.24724881
GOLD,0.0034604468,0.0031061543,0.0033085025,0.0016766052,0.0011428696,0.0008962873,0.000769538,0.0008451312,0.0007265929,0.000624208,0.00054136105,0.00047573546
