,January,February,March,April,May,June,July,August,September,October,November,December
PEP,0.37988952,0.9379529,0.99217224,0.994282,0.9857188,0.2564767,0.8532817,0.21669935,0.2723275,0.047145467,0.03071835,0.019893957
CTB,0.23520689,0.003603764,0.0008579405,0.0003811541,0.0003813243,0.0009546215,0.00073885947,0.0004902178,0.00048072924,0.00017477678,0.00015144926,0.00011906539
SKYW,0.002051779,0.0008000948,0.00017330692,8.8302804e-05,0.00012656636,0.0004685991,0.00016884909,0.00022625738,0.00022730997,0.00023913542,0.00020697592,0.00016532736
EQT,0.0038034644,0.0024061713,0.0007393402,0.0012052126,0.004932386,0.31402686,0.025199821,0.036623575,0.089550465,0.08202931,0.14441796,0.24562755
COHR,0.025039654,0.004743575,0.001491941,0.001241589,0.0023691882,0.010848311,0.010336535,0.012054506,0.018817995,0.0048196083,0.0036866248,0.0023043994
SNFCA,0.33588192,0.04588894,0.002918798,0.0009997496,0.0010769175,0.0014151168,0.0013887605,0.0011903845,0.0008670325,0.00035056524,0.00023870813,0.00019292787
NSEC,0.0032130731,0.0003721271,8.2047445e-05,2.7938017e-05,3.0515239e-05,9.4673116e-05,5.354759e-05,4.4280478e-05,4.445497e-05,4.252904e-05,3.6187976e-05,2.7416083e-05
OTTR,0.004616074,0.00078634365,0.0002562534,0.0002475163,0.00046615128,0.0022844383,0.002537867,0.0032031843,0.007052266,0.002088523,0.0013182389,0.0008715768
WY,0.006216539,0.0018381369,0.0006098722,0.000678489,0.0017025854,0.04011534,0.0050754244,0.012276625,0.15868387,0.3859454,0.37179127,0.32239828
GOLD,0.0040810527,0.0016079616,0.00069825136,0.00084802473,0.0031955244,0.3733154,0.10121871,0.71719164,0.45194846,0.47716472,0.4474342,0.40839952
