,January,February,March,April,May,June,July,August,September,October,November,December
PEP,0.0058267172,0.0022009187,0.002597479,0.006165127,0.019341039,0.5540592,0.007897668,0.006519956,0.0037818411,0.0066759605,0.008035664,0.0037763936
CTB,0.010875557,0.0052290265,0.0037505946,0.002841374,0.0014851362,0.00088169466,0.00021854664,0.0002535747,0.00011654752,0.00017192088,0.00014168063,8.603236e-05
SKYW,0.21075456,0.020612104,0.011806747,0.0068350076,0.004213817,0.0020543267,0.002030672,0.0015176688,0.0012579176,0.0015688358,0.0010903392,0.00083821587
EQT,0.0142120365,0.0025424536,0.0012093991,0.00081612956,0.00062735536,0.00063475413,0.0006206391,0.0007435797,0.00038252544,0.00036637313,0.00030027708,0.00015177934
COHR,0.020646647,0.010131349,0.024868673,0.2736856,0.35353905,0.12248292,0.117602624,0.37848067,0.07907013,0.29838625,0.36715168,0.07614453
SNFCA,0.36896333,0.016180273,0.005767853,0.0041820398,0.0030542216,0.0015549684,0.002219109,0.002551202,0.0028848483,0.0030427123,0.0022009013,0.0018539162
NSEC,0.0081591075,0.00421741,0.004630809,0.004198874,0.0030112755,0.0021142284,0.0016411255,0.0030456197,0.0012087468,0.0016500289,0.0014631497,0.0009796144
OTTR,0.22913006,0.6766667,0.6074509,0.415166,0.325503,0.17559141,0.81648105,0.3224899,0.8289978,0.47701204,0.31294402,0.8340683
WY,0.10383754,0.25893515,0.33620772,0.2850593,0.28857026,0.14019139,0.050761458,0.28396088,0.08196536,0.2107128,0.30641365,0.08194674
GOLD,0.027594442,0.0032845628,0.0017098738,0.0010506414,0.0006548068,0.0004351509,0.0005270092,0.0004368906,0.00033429835,0.00041307523,0.00025863835,0.00015439154
