,January,February,March,April,May,June,July,August,September,October,November,December
PEP,0.4696223,0.023924135,0.008825182,0.017496435,0.010345653,0.0062846057,0.0035746184,0.0024708933,0.0016187709,0.0012613279,0.0010197425,0.0010111197
CTB,0.122940585,0.014126235,0.004392725,0.006110005,0.0037190912,0.0022868973,0.0015056395,0.0009992189,0.0005704068,0.00045164008,0.00034558258,0.00042815096
SKYW,0.0045856065,0.0012653652,0.00057023665,0.0013245072,0.000664872,0.0003887052,0.00017309966,0.000118166405,7.26229e-05,5.9310576e-05,4.7422764e-05,5.1110914e-05
EQT,0.19441433,0.044001516,0.01209934,0.030687634,0.0157939,0.008421466,0.0032229926,0.0022172467,0.0015282604,0.0011819509,0.0009343629,0.0010452094
COHR,0.009064581,0.0019412352,0.0009908623,0.0024871472,0.001407971,0.00089678913,0.00044665072,0.00031404884,0.00019887584,0.00016360657,0.00013688588,0.00012354077
SNFCA,0.045764398,0.07577435,0.23955092,0.1331115,0.2392502,0.25387976,0.25888523,0.26019493,0.26116428,0.26058215,0.25740454,0.1433974
NSEC,0.013968582,0.040703077,0.047671072,0.015694004,0.010250322,0.008744762,0.008680377,0.009478341,0.010924719,0.015137768,0.02394911,0.004689962
OTTR,0.037789535,0.0073079322,0.0024395871,0.005917064,0.002811284,0.0015521097,0.00061059464,0.0004137117,0.0002528911,0.00020165795,0.0001580875,0.00018745908
WY,0.09483727,0.7893911,0.682619,0.7860763,0.71513003,0.71715736,0.7227025,0.7236579,0.72358954,0.72089714,0.7159539,0.84900886
GOLD,0.007012757,0.0015650302,0.00084106973,0.0010953288,0.0006266496,0.00038750563,0.00019835208,0.00013540444,7.963774e-05,6.342895e-05,5.0434883e-05,5.71936e-05
