,January,February,March,April,May,June,July,August,September,October,November,December
PEP,0.013566829,0.011000436,0.0044477764,0.0017146617,0.0010757075,0.0009153708,0.00070291065,0.0008710632,0.0011128314,0.00029390055,0.00011546728,6.223728e-05
CTB,0.4230168,0.058768995,0.008468317,0.0026825478,0.0031923614,0.0058715534,0.003945324,0.0074749175,0.054203857,0.0038275605,0.0013948922,0.0006082893
SKYW,0.0069357413,0.0010223673,0.00017379338,7.899288e-05,7.233238e-05,8.630966e-05,5.8986876e-05,7.30469e-05,0.00015874961,5.342749e-05,1.7076214e-05,8.8659235e-06
EQT,0.038793422,0.22977234,0.60118926,0.6186874,0.34015557,0.3585167,0.5989294,0.3354084,0.2856158,0.62606204,0.62555677,0.62690854
COHR,0.29866502,0.58047575,0.3626019,0.36895907,0.6433818,0.6008699,0.37599495,0.5846188,0.4393917,0.36471188,0.3711306,0.3712497
SNFCA,0.08304493,0.004737714,0.0010714428,0.00040226534,0.00045087273,0.0006830245,0.00045963153,0.0006511306,0.0018816678,0.00027428736,9.790967e-05,5.129454e-05
NSEC,0.029961772,0.0061524943,0.0010753851,0.0005071255,0.000470936,0.0005539259,0.00035497049,0.0006176881,0.0012764767,0.00024118605,6.8356276e-05,4.1754618e-05
OTTR,0.0057548494,0.0030885304,0.00065028144,0.0003738667,0.00032008011,0.00033011145,0.00021521201,0.0003277302,0.0011071506,0.00023759415,7.329789e-05,3.727347e-05
WY,0.011799612,0.00210414,0.00087625725,0.0003241022,0.00028584176,0.00031669973,0.00021467484,0.0003085298,0.00043088588,0.000102047394,4.0059e-05,2.4072951e-05
GOLD,0.088461086,0.10287728,0.019445585,0.006270067,0.01059456,0.031856418,0.019123929,0.06964871,0.21482085,0.0041960366,0.0015056217,0.001007932
