,January,February,March,April,May,June,July,August,September,October,November,December
PEP,0.00049663667,8.0380276e-05,4.026917e-05,2.5976811e-05,2.2372178e-05,1.6082742e-05,1.2539513e-05,1.0319952e-05,8.66235e-06,7.2855373e-06,6.7810943e-06,6.0881516e-06
CTB,0.0010843838,0.000120318524,6.4199405e-05,4.8705224e-05,3.8835165e-05,2.8707715e-05,2.2524075e-05,1.8489187e-05,1.5951931e-05,1.304132e-05,1.2059326e-05,9.715051e-06
SKYW,0.002659718,0.00017369179,8.9779816e-05,6.83664e-05,5.6479672e-05,4.4502747e-05,3.4375324e-05,2.7685712e-05,2.2721575e-05,1.9725241e-05,1.7924203e-05,1.6355945e-05
EQT,0.0015166154,0.00019547998,9.509643e-05,5.4891992e-05,4.785954e-05,3.5430705e-05,2.8071954e-05,2.3075916e-05,1.9175077e-05,1.6446405e-05,1.5261363e-05,1.4225233e-05
COHR,0.0008837039,0.00012260996,6.2398125e-05,4.002861e-05,3.378314e-05,2.4940624e-05,1.9809639e-05,1.615226e-05,1.3740583e-05,1.1300948e-05,1.0607653e-05,8.809799e-06
SNFCA,0.9074951,0.99469995,0.99747413,0.99877185,0.99894077,0.9991856,0.99936694,0.9994875,0.99957305,0.9996387,0.9996613,0.9997031
NSEC,0.04074848,0.0028149504,0.0013262733,0.00061807793,0.00054223894,0.00042037063,0.00032670997,0.0002645716,0.00021890328,0.00018710738,0.00017558913,0.00015739254
OTTR,0.0011251199,7.8613135e-05,4.1517033e-05,2.2394415e-05,2.0164756e-05,1.509274e-05,1.2106942e-05,1.0145258e-05,8.7605995e-06,7.3507354e-06,7.0176056e-06,6.0695884e-06
WY,0.001428606,0.00038806564,0.00016905129,7.737181e-05,6.297975e-05,4.6658006e-05,3.5749046e-05,2.8426717e-05,2.396807e-05,1.9299203e-05,1.8119772e-05,1.4312021e-05
GOLD,0.042561617,0.0013259054,0.00063727505,0.00027231942,0.00023456701,0.0001826362,0.00014133831,0.00011358656,9.5034164e-05,7.970634e-05,7.5275246e-05,6.38167e-05
