,January,February,March,April,May,June,July,August,September,October,November,December
PEP,0.0009997541,0.00039166084,0.00021131423,0.00015546872,0.00013427486,0.00021552072,0.00026041415,0.0002355155,0.00028976108,0.0003054916,0.0003272868,0.00035876007
CTB,0.00021233947,0.00010586431,5.0451632e-05,2.7424803e-05,2.2069557e-05,2.6706552e-05,3.6828955e-05,2.822586e-05,3.7966536e-05,3.5477362e-05,3.3564123e-05,3.1769152e-05
SKYW,0.005940491,0.002117257,0.00077995134,0.00033444137,0.00024715846,0.000389355,0.0003938847,0.00033355833,0.0002944193,0.00025563367,0.00022638561,0.00019989001
EQT,0.008266891,0.002524065,0.00045436382,0.00016806892,0.00011591157,0.00012753456,8.460378e-05,6.552746e-05,5.4910717e-05,4.7204972e-05,4.1303403e-05,3.665699e-05
COHR,0.011915789,0.00598061,0.002496006,0.001227262,0.0008678197,0.0006816818,0.00064680644,0.0005004563,0.00048090532,0.00041694372,0.0003621132,0.00031864503
SNFCA,0.13144627,0.311485,0.9410051,0.97926563,0.9862416,0.9905075,0.9926253,0.99393797,0.9946537,0.9951894,0.995631,0.99593496
NSEC,0.8287972,0.6714889,0.05271296,0.017541291,0.011317079,0.0070881597,0.0050011887,0.0040155295,0.0032959064,0.0028725541,0.002507932,0.00224232
OTTR,0.004785048,0.0019886196,0.0007239884,0.00044118654,0.0003828036,0.00030414778,0.0002800828,0.0002543127,0.00025425883,0.00024921587,0.00024296643,0.0002437467
WY,0.002929248,0.0015550528,0.0006909469,0.00039090277,0.0003469407,0.00042063434,0.00045512835,0.00046865953,0.00046045618,0.00047148846,0.00048755892,0.00050707784
GOLD,0.0047068857,0.0023629735,0.0008749017,0.00044834067,0.00032429027,0.00023885538,0.00021574745,0.00016029165,0.00017779945,0.00015648105,0.00013994738,0.00012611366
