,January,February,March,April,May,June,July,August,September,October,November,December
PEP,0.011907114,0.0007432781,0.000396515,0.0005587469,0.00040595545,0.00026251358,0.0058780513,0.003264938,0.0008395554,0.000540979,0.00033161623,0.000255139
CTB,0.0054100705,0.00044494052,0.00017022375,0.00022649036,0.00017449123,0.000120081044,0.0010294011,0.0015840853,0.0006308841,0.0003240152,0.0001989691,0.00015248526
SKYW,0.00647134,0.0008608711,0.0005983579,0.00090973073,0.0013192038,0.0027307484,0.006881464,0.014004322,0.026887182,0.042596754,0.025032163,0.025075585
EQT,0.038529765,0.003515095,0.0012951854,0.002663837,0.0020082353,0.0014670003,0.010093854,0.015365921,0.0019660997,0.0007658684,0.00040674905,0.00029431895
COHR,0.29162663,0.96630925,0.9868873,0.9724606,0.97466767,0.9764998,0.27279937,0.73092693,0.36359584,0.38018638,0.3039477,0.3046759
SNFCA,0.01660191,0.00247409,0.0011359046,0.0018141916,0.001189823,0.0006578095,0.00585332,0.0052198493,0.00062078837,0.00029445323,0.00016938803,0.00012733921
NSEC,0.0024203528,0.00036862126,0.00022427447,0.00032699108,0.00044918977,0.00094895,0.0013715083,0.003834459,0.004772413,0.08909391,0.24769863,0.25002137
OTTR,0.009516033,0.0010715087,0.0003144422,0.00047945432,0.00034897565,0.00020272,0.003775911,0.002423826,0.0004517195,0.00021821285,0.00013209919,0.00010284431
WY,0.6146779,0.023530278,0.008329192,0.019755896,0.018118085,0.012116941,0.68795514,0.20463246,0.01743579,0.016893836,0.011558726,0.009772582
GOLD,0.002838877,0.0006821149,0.0006487069,0.0008040325,0.0013182744,0.004993553,0.0043619834,0.018743107,0.5827998,0.46908554,0.41052392,0.4095224
