,January,February,March,April,May,June,July,August,September,October,November,December
PEP,0.010194581,0.0017254126,0.00075122406,0.0026086904,0.021173473,0.9909842,0.9966342,0.9968161,0.99671763,0.9964301,0.99538237,0.12647979
CTB,0.27653256,0.27805263,0.00130315,0.0076604355,0.0032692512,0.00017954144,7.008793e-05,5.4093965e-05,4.4314864e-05,3.716058e-05,3.986683e-05,0.0031122963
SKYW,0.0034828102,0.0010842995,5.7746023e-05,0.0005174659,0.00012120312,1.3802273e-05,4.4181083e-06,3.389848e-06,2.885041e-06,2.5748423e-06,2.719422e-06,0.00011687741
EQT,0.0057494356,0.0012750982,3.6082885e-05,0.00015854076,9.736549e-05,8.409358e-06,2.989282e-06,2.254317e-06,1.8773248e-06,1.6491566e-06,1.7600757e-06,0.0001651025
COHR,0.028872894,0.028321363,0.005674305,0.036561858,0.7385296,0.0046273135,0.0017573771,0.001734453,0.001830119,0.0019807809,0.00262695,0.10384619
SNFCA,0.01775505,0.016368305,0.002070548,0.02663222,0.016158246,0.0014108627,0.00064284145,0.0007036396,0.00083428074,0.0010672862,0.0015049805,0.7281619
NSEC,0.08897881,0.088484116,0.0017157368,0.020547578,0.0059196013,0.0005181458,0.0001766887,0.00013751023,0.00011524872,9.7977194e-05,9.228768e-05,0.0030789
OTTR,0.0032975106,0.0006583732,0.00016284201,0.0009858173,0.0017300657,0.00032484907,8.7007924e-05,6.205359e-05,5.0991406e-05,4.6474874e-05,4.5736764e-05,0.00096055097
WY,0.40789363,0.4147468,0.98702395,0.90222746,0.21226273,0.0019070348,0.00061304885,0.00047738437,0.00039496805,0.00032905108,0.00029678334,0.033438735
GOLD,0.15724276,0.16928366,0.0012043722,0.0020999173,0.0007384313,2.5757972e-05,1.1370467e-05,9.078039e-06,7.731573e-06,6.8860495e-06,6.3348502e-06,0.0006396629
