,January,February,March,April,May,June,July,August,September,October,November,December
PEP,0.5561286,0.3286287,0.3095343,0.28067622,0.27947813,0.27691016,0.273866,0.27499557,0.27473003,0.27444875,0.28166103,0.57521653
CTB,0.012718537,0.00329342,0.0029694242,0.002289039,0.0017836803,0.0014374555,0.0011173334,0.0009642748,0.00084302895,0.0007452869,0.0006223249,0.00051557866
SKYW,0.005933433,0.007385544,0.02876767,0.12434231,0.1238452,0.12316284,0.12309039,0.12263586,0.12241771,0.1222826,0.12403023,0.02333398
EQT,0.004909479,0.0009367797,0.0007259711,0.0007340229,0.0004951169,0.0003457327,0.00024610292,0.00020323692,0.00017095669,0.00014669364,0.00010106094,0.00011406254
COHR,0.007839029,0.0026362024,0.002622458,0.0028867216,0.002862884,0.0029004132,0.0028288912,0.0029842514,0.003200656,0.0035003142,0.0040041856,0.0013634441
SNFCA,0.017765118,0.0035479479,0.0016628607,0.0011438364,0.0008172118,0.0005944464,0.0004751199,0.00039369997,0.00033267165,0.0002860371,0.000206776,0.00039096182
NSEC,0.11331443,0.03503444,0.065628275,0.08138348,0.08329843,0.085593626,0.086103156,0.087274134,0.08770701,0.08795999,0.082492635,0.14294389
OTTR,0.24869347,0.6122586,0.5855919,0.50484055,0.506206,0.5081319,0.5115977,0.50998855,0.5101238,0.510223,0.50656337,0.25566044
WY,0.031437855,0.0059565105,0.0022884547,0.0014571291,0.0010236314,0.00078324124,0.00056117936,0.00046239857,0.0003888172,0.00033220556,0.00026024703,0.00040227204
GOLD,0.0012600712,0.00032182905,0.00020866365,0.00024674303,0.00018970281,0.00014011918,0.00011411406,9.8034536e-05,8.52745e-05,7.515507e-05,5.807223e-05,5.8829268e-05
