,January,February,March,April,May,June,July,August,September,October,November,December
PEP,0.00973048,0.013050394,0.009427652,0.008906885,0.004681059,0.0031118642,0.0014418504,0.0019221095,0.0025287485,0.0030556638,0.0059424276,0.12047856
CTB,0.002101508,0.001059249,0.0011539593,0.001980634,0.0011650465,0.0008135771,0.00045953787,0.00064281345,0.0007731822,0.0005971894,0.0014662645,0.23306276
SKYW,0.000490017,0.00042542708,0.00034864093,0.00062216463,0.00031392032,0.0002080369,7.770833e-05,9.8317905e-05,0.00013169223,7.302205e-05,9.39511e-05,0.00042649306
EQT,0.5545532,0.9385658,0.89229137,0.50090146,0.5464639,0.55059963,0.9558298,0.89742666,0.50651747,0.9485756,0.9395129,0.5013395
COHR,0.00075223984,0.00034119427,0.00032262068,0.00035648185,0.00021879692,0.00015620723,6.90232e-05,9.714356e-05,0.00013659938,0.0002120317,0.00032009318,0.0023417657
SNFCA,0.0059539545,0.0010009157,0.0011628077,0.0026895627,0.0018123116,0.0013543342,0.00022800575,0.00025998626,0.00036410766,0.00014619483,0.00015607357,0.0006441487
NSEC,0.0021784215,0.0028647305,0.0028382011,0.004737512,0.0021858804,0.0014108508,0.0005359173,0.00063990447,0.0008131693,0.0006949865,0.0011962155,0.021981018
OTTR,0.0017896254,0.0016668689,0.0016129296,0.0025869713,0.0014063534,0.00095424947,0.0005013461,0.0007008749,0.00085591467,0.00125832,0.0041710474,0.08031643
WY,0.0021239158,0.0017844033,0.0013043137,0.0013960361,0.00080350536,0.0005582602,0.00019277932,0.00024153182,0.00034306725,0.00030154982,0.00036948058,0.0014448238
GOLD,0.42032665,0.039241076,0.089537606,0.47582233,0.4409491,0.440833,0.0406641,0.09797067,0.487536,0.045085397,0.046771534,0.037964486
