,January,February,March,April,May,June,July,August,September,October,November,December
PEP,0.02149474,0.0969377,0.33535197,0.31729263,0.118244454,0.3455296,0.3231276,0.32425532,0.33016607,0.32867947,0.09151993,0.36686286
CTB,0.1024313,0.28959155,0.16700414,0.15848322,0.09967957,0.1730664,0.16055645,0.16038272,0.16122416,0.16075082,0.097060755,0.17457634
SKYW,0.06846217,0.124250636,0.074681945,0.072993435,0.036026657,0.07498838,0.07387428,0.07445418,0.07537704,0.07505755,0.032025725,0.0732414
EQT,0.019684399,0.07783317,0.0576725,0.032680217,0.02568247,0.042305525,0.024441337,0.020910613,0.018408103,0.019291312,0.01718247,0.051436726
COHR,0.15557218,0.05952404,0.031195583,0.018737832,0.023914177,0.019260222,0.013336827,0.009710693,0.0046453634,0.0033230083,0.0023636431,0.002164111
SNFCA,0.2825398,0.17785917,0.1409209,0.15549208,0.3231699,0.1402969,0.1559396,0.16142452,0.16218244,0.16424726,0.3767861,0.14056796
NSEC,0.008234387,0.018409142,0.031022487,0.08084638,0.03797761,0.06650929,0.08845587,0.08871308,0.08774605,0.088712506,0.02448268,0.054801952
OTTR,0.04650827,0.016694218,0.00730723,0.0042750374,0.004803469,0.0035931102,0.0024169148,0.001730981,0.0012111672,0.00079443323,0.00055944466,0.00045184887
WY,0.019973103,0.019193092,0.013859302,0.008940411,0.004996497,0.0042987415,0.0038026378,0.0032893121,0.0019191715,0.0015630432,0.0011340023,0.0009581627
GOLD,0.27509955,0.11970737,0.14098398,0.15025878,0.32550523,0.13015184,0.15404847,0.15512863,0.15712045,0.15758066,0.3568852,0.13493858
