,January,February,March,April,May,June,July,August,September,October,November,December
PEP,0.07123275,0.025244005,0.011652231,0.007165097,0.0045672264,0.0036013448,0.0029579068,0.0024907845,0.0021359082,0.0018567344,0.0016424916,0.0014514772
CTB,0.017806552,0.079630025,0.19266735,0.18280207,0.18817441,0.19029002,0.19052923,0.19048579,0.19033997,0.19010355,0.18909651,0.18942548
SKYW,0.018926151,0.35666698,0.45564318,0.43256938,0.4421984,0.44396007,0.44487688,0.445478,0.445772,0.4459485,0.4455453,0.44602904
EQT,0.20937201,0.01706985,0.007864339,0.0052122027,0.003948662,0.0031954227,0.0026718576,0.0022767852,0.0019690208,0.0017209996,0.0015148371,0.0013446328
COHR,0.10897939,0.20331952,0.059374884,0.04405589,0.035379227,0.034677897,0.03493844,0.035607927,0.036505423,0.03744488,0.039506804,0.039505064
SNFCA,0.010971409,0.0033738583,0.00149977,0.00089378346,0.0005495965,0.00042726847,0.00034585278,0.00028733938,0.00024341213,0.00020924538,0.00019682464,0.00017057144
NSEC,0.070273355,0.026596406,0.0448842,0.12662613,0.12217987,0.12362634,0.124124914,0.12429662,0.124327086,0.12432181,0.12436406,0.12401967
OTTR,0.14132522,0.036414444,0.01743648,0.012030851,0.008672579,0.007276182,0.00624455,0.0054430515,0.0047972007,0.0042653177,0.003999897,0.0035729106
WY,0.007302125,0.006813392,0.0023606927,0.0012975032,0.0008742157,0.00065549277,0.0005167187,0.0004211561,0.00035167733,0.00029894328,0.00028189283,0.00024211146
GOLD,0.34381104,0.24487138,0.20661682,0.18734707,0.19345585,0.1922899,0.19279368,0.1932126,0.19355822,0.19383001,0.19385141,0.19423908
