,January,February,March,April,May,June,July,August,September,October,November,December
PEP,0.008745455,0.0065289997,0.008253316,0.013361571,0.049466778,0.74522084,0.19272628,0.6516291,0.3348994,0.7341478,0.63072664,0.6333283
CTB,0.007293649,0.007195265,0.0079983175,0.010243348,0.022535728,0.06383881,0.0171438,0.03567558,0.023417154,0.042470798,0.07308652,0.03026632
SKYW,0.00637308,0.0024590646,0.00180334,0.0014976857,0.0019002196,0.00065953017,0.0017901073,0.00089430524,0.00095343735,0.00042944495,0.0017525564,0.001260672
EQT,0.0036414184,0.0016904859,0.0012928237,0.0011115593,0.0012031922,0.00057759095,0.0016655341,0.00080401584,0.00081831706,0.0003696693,0.00033718228,0.00021515743
COHR,0.4560109,0.8310344,0.8752164,0.88390476,0.80030924,0.048557762,0.054910686,0.042034745,0.12667345,0.027593719,0.011267308,0.009191311
SNFCA,0.023684075,0.007569213,0.005011892,0.0038914718,0.005812229,0.0027579274,0.053389896,0.010566388,0.05720569,0.010960385,0.003378679,0.0022407307
NSEC,0.0022294119,0.0012367788,0.0013129022,0.0015768346,0.003278166,0.005743129,0.0043269857,0.012836162,0.007352885,0.0196826,0.14074288,0.03873254
OTTR,0.01339474,0.009653982,0.007662927,0.0068011405,0.008446833,0.0045921532,0.0071713706,0.003642714,0.003426615,0.0015013042,0.000960041,0.0005764468
WY,0.026383631,0.013314123,0.014679309,0.018688805,0.045128115,0.103245415,0.15080449,0.18550451,0.20894247,0.1218477,0.12712876,0.27658957
GOLD,0.4522436,0.11931769,0.076768726,0.05892278,0.06191951,0.024806935,0.5160709,0.056412514,0.23631057,0.0409966,0.010619483,0.0075990185
