,January,February,March,April,May,June,July,August,September,October,November,December
PEP,0.25014532,0.04750042,0.06645224,0.1077874,0.021676693,0.05158337,0.065131724,0.011737369,0.0052259495,0.0029786173,0.0075589903,0.0026144176
CTB,0.22066633,0.03458868,0.090787016,0.3612072,0.059295516,0.2240061,0.38277912,0.06273519,0.024506908,0.009089062,0.0377485,0.013619545
SKYW,0.14885499,0.14087094,0.28881374,0.098950945,0.12587908,0.22665751,0.11982226,0.13444726,0.19105168,0.763748,0.31910416,0.82616055
EQT,0.007933734,0.016002716,0.00925585,0.002633484,0.0011945363,0.0019604259,0.0012135517,0.00042482596,0.00029370326,0.00019655161,0.0008454384,0.00045475658
COHR,0.022572817,0.014678943,0.012435084,0.005647378,0.0021939331,0.003367413,0.0021870278,0.00070966646,0.00045303855,0.0006880381,0.001227037,0.0005675828
SNFCA,0.007684291,0.01191411,0.010959076,0.0044088075,0.0021505058,0.002416026,0.0016455651,0.00089661404,0.0006923859,0.0012466904,0.0018240156,0.0018338184
NSEC,0.014170135,0.010143773,0.012940249,0.005167158,0.0019087325,0.0032911894,0.0024526299,0.00087175245,0.0004944211,0.00025557246,0.0005637261,0.00018434704
OTTR,0.074443,0.025667729,0.02310453,0.026763845,0.010818385,0.011302863,0.013051809,0.00589157,0.003093296,0.0018833539,0.0029269597,0.0011508644
WY,0.22624116,0.6861624,0.4776719,0.38192254,0.77294683,0.4725782,0.40983593,0.78172493,0.77383864,0.2194536,0.62694865,0.15280305
GOLD,0.027288156,0.012470243,0.00758028,0.005511206,0.0019358521,0.002836874,0.0018803979,0.0005608117,0.00035002446,0.00046041512,0.0012525718,0.0006110248
