,January,February,March,April,May,June,July,August,September,October,November,December
PEP,0.16447237,0.7706855,0.3039805,0.2062957,0.12637356,0.2537378,0.5331343,0.4000518,0.11356039,0.08913201,0.07833819,0.06813193
CTB,0.05588145,0.009490738,0.018601626,0.03716852,0.013703954,0.008724959,0.0018863048,0.0010353783,0.0006417013,0.00048436155,0.00039342672,0.0003623767
SKYW,0.02447658,0.041595172,0.36979395,0.11053074,0.0927556,0.21508019,0.24667017,0.24487682,0.15144223,0.15338741,0.15325752,0.7915183
EQT,0.0072845244,0.0008510156,0.0010071433,0.0011108734,0.00053524453,0.00046616726,0.00013746244,7.339254e-05,4.9770013e-05,3.5407207e-05,2.7714505e-05,3.3593387e-05
COHR,0.0055023823,0.0057278434,0.017934272,0.0076041077,0.007897166,0.018937975,0.16201682,0.13289818,0.1851052,0.18759035,0.18982108,0.06977819
SNFCA,0.1937899,0.013022787,0.02037652,0.03365155,0.0071661756,0.005145868,0.0016664729,0.0010173524,0.0007214119,0.0005283204,0.00042061493,0.0003866358
NSEC,0.04871001,0.10427601,0.11177889,0.118850596,0.7072222,0.46923575,0.042156424,0.055757865,0.0837753,0.08463927,0.085458755,0.03922748
OTTR,0.007121471,0.002335868,0.0021493952,0.0015329914,0.0017173284,0.002736344,0.0056182696,0.16004212,0.46233612,0.482364,0.4907595,0.029490028
WY,0.46745035,0.046901684,0.145548,0.46569616,0.03710613,0.022864524,0.0057493723,0.003580966,0.002012309,0.0015589332,0.0012890754,0.00079080556
GOLD,0.025310965,0.005113425,0.008829709,0.017558761,0.005522666,0.0030704604,0.00096441654,0.0006661501,0.00035567954,0.00027988674,0.00023401037,0.00028071928
